[position]
x1 = 100018.
y1 = 0.
x2 = 100002
y2 = 0.

[momentum]
x1 = 0.
y1 =  -0.02012461
x2 = 0.
y2 =  0.02012461

[mass]
m1 = 0.9
m2 = 0.1
