[position]
x1 = 107.59
y1 = 0.
z1 = 0.

x2 = -7.095
y2 = 0.
z2 = 0.

x3 = -100.49600000000001
y3 = 0.
z3 = 0.

[momentum]
x1 = 0.
y1 = 0.003754508800540137
z1 = 0.

x2 = 0.
y2 = -0.023707349203554145
z2 = 0.

x3 = 0.
y3 = 0.019952840403014007
z3 = 0.

[spin]
x1 = 0.
y1 = 0.8660254037844386
z1 = 0.5

x2 = 0.
y2 = -0.8660254037844386
z2 = 0.5

x3 = 0.
y3 = 0.
z3 = 1.

[mass]
m1 = 0.3333333333333333
m2 = 0.3333333333333333
m3 = 0.3333333333333333